5000
418
157
218
189
494
82
269
264
169
423
411
30
388
411
59
267
254
203
133
187
38
231
120
412
457
377
132
313
431
133
476
489
346
378
422
444
377
227
82
74
60
395
404
86
98
16
452
497
235
99
414
192
495
347
138
419
133
400
161
218
158
311
147
67
176
45
261
134
491
285
424
363
425
147
4
410
443
111
144
360
234
103
73
395
145
400
336
393
328
294
181
346
455
28
469
259
41
107
121
71
315
228
54
83
141
276
186
483
427
189
373
464
41
190
153
138
185
4
4
497
449
297
376
90
442
377
321
298
466
442
278
364
15
318
384
367
483
384
167
247
394
416
68
207
43
63
159
293
211
454
169
167
450
472
88
481
198
197
186
240
196
71
114
387
363
77
348
470
171
445
155
52
114
8
408
271
428
148
438
389
43
37
241
355
146
52
197
401
330
27
355
363
206
148
320
34
32
287
241
386
459
332
242
344
235
298
372
164
162
14
290
102
169
82
79
158
73
264
341
283
345
38
3
455
156
187
95
213
16
342
423
234
345
51
334
318
178
61
478
262
276
446
469
313
59
355
28
380
374
146
122
118
381
292
290
153
98
110
278
246
426
52
465
227
207
440
274
210
323
455
387
430
396
458
40
453
94
399
250
417
90
259
74
257
424
399
176
295
264
37
379
38
145
380
475
348
236
346
393
456
301
344
288
119
257
458
373
323
160
71
245
31
254
229
308
140
94
352
120
440
270
285
315
420
397
165
120
225
316
424
306
89
488
131
435
309
23
457
166
229
272
198
108
254
278
495
426
80
322
250
322
442
207
128
166
144
293
482
163
297
273
44
434
180
185
120
108
264
188
307
474
482
206
344
4
40
457
155
80
226
445
7
290
193
499
284
402
81
338
414
210
279
147
362
403
33
198
400
291
66
384
288
135
454
464
184
469
108
49
172
193
492
310
59
460
336
29
163
33
297
269
269
283
423
255
326
327
230
288
131
423
138
247
194
357
8
220
289
36
214
142
81
159
380
378
479
197
479
432
277
409
349
271
176
152
274
8
253
126
312
363
58
466
179
237
356
441
360
209
31
45
480
462
270
44
15
121
216
7
165
123
494
270
390
323
9
338
290
128
171
152
180
373
299
362
365
248
394
171
175
281
94
435
358
55
374
408
155
314
48
77
444
167
193
394
393
248
390
353
19
155
241
264
68
138
16
197
102
141
84
496
232
249
271
189
485
102
174
227
264
233
493
61
323
323
38
136
217
261
208
78
424
137
439
150
323
334
76
419
45
43
18
271
398
37
228
369
27
298
23
323
101
163
354
356
43
164
432
195
300
226
364
482
281
120
183
314
330
299
189
38
456
463
289
476
83
402
106
150
117
357
89
66
387
64
435
415
421
330
220
464
84
141
259
159
494
306
154
457
326
331
137
479
60
6
406
125
251
333
402
15
482
3
158
337
251
467
187
314
137
91
364
438
353
341
313
335
9
380
64
217
309
48
287
197
427
336
388
129
477
345
455
102
340
267
398
482
285
241
165
395
495
30
401
473
385
169
394
404
52
485
25
410
286
52
51
494
21
168
102
363
489
35
343
228
347
343
424
478
433
366
184
157
479
66
332
32
68
367
429
334
77
180
77
481
494
432
166
404
116
378
102
458
164
497
247
344
310
277
213
483
100
233
78
121
235
450
117
499
330
13
311
482
219
264
491
322
88
411
469
359
145
30
341
362
465
455
248
281
72
445
265
270
68
454
30
103
30
22
186
285
486
372
463
133
135
344
429
224
93
249
119
470
401
79
69
166
41
23
313
416
337
426
93
139
128
163
466
443
28
262
367
367
186
170
138
260
259
173
456
448
105
145
240
387
91
323
329
276
255
359
322
32
499
132
270
12
181
172
251
437
257
14
438
496
141
85
448
398
100
492
382
116
308
214
231
470
167
177
250
365
330
176
368
21
297
479
330
263
194
450
432
229
38
499
51
155
11
39
281
380
192
417
390
292
435
108
389
406
322
454
142
80
472
126
393
337
191
46
62
396
16
85
262
6
332
360
365
369
145
234
212
381
80
296
80
402
200
310
136
360
458
101
411
487
153
108
354
479
224
492
91
335
31
92
158
401
336
71
463
378
134
401
357
498
7
309
252
297
29
61
463
5
273
405
242
39
288
22
310
153
179
461
431
206
345
260
122
286
133
462
446
447
401
277
185
400
173
227
495
293
470
65
99
33
259
313
75
476
376
96
404
260
272
312
178
82
81
105
178
326
139
168
141
395
396
431
133
205
375
1000
418
157
218
189
494
82
269
264
169
423
411
30
388
411
59
267
254
203
133
187
38
231
120
412
457
377
132
313
431
133
476
489
346
378
422
444
377
227
82
74
60
395
404
86
98
16
452
497
235
99
414
192
495
347
138
419
133
400
161
218
158
311
147
67
176
45
261
134
491
285
424
363
425
147
4
410
443
111
144
360
234
103
73
395
145
400
336
393
328
294
181
346
455
28
469
259
41
107
121
71
315
228
54
83
141
276
186
483
427
189
373
464
41
190
153
138
185
4
4
497
449
297
376
90
442
377
321
298
466
442
278
364
15
318
384
367
483
384
167
247
394
416
68
207
43
63
159
293
211
454
169
167
450
472
88
481
198
197
186
240
196
71
114
387
363
77
348
470
171
445
155
52
114
8
408
271
428
148
438
389
43
37
241
355
146
52
197
401
330
27
355
363
206
148
320
34
32
287
241
386
459
332
242
344
235
298
372
164
162
14
290
102
169
82
79
158
73
264
341
283
345
38
3
455
156
187
95
213
16
342
423
234
345
51
334
318
178
61
478
262
276
446
469
313
59
355
28
380
374
146
122
118
381
292
290
153
98
110
278
246
426
52
465
227
207
440
274
210
323
455
387
430
396
458
40
453
94
399
250
417
90
259
74
257
424
399
176
295
264
37
379
38
145
380
475
348
236
346
393
456
301
344
288
119
257
458
373
323
160
71
245
31
254
229
308
140
94
352
120
440
270
285
315
420
397
165
120
225
316
424
306
89
488
131
435
309
23
457
166
229
272
198
108
254
278
495
426
80
322
250
322
442
207
128
166
144
293
482
163
297
273
44
434
180
185
120
108
264
188
307
474
482
206
344
4
40
457
155
80
226
445
7
290
193
499
284
402
81
338
414
210
279
147
362
403
33
198
400
291
66
384
288
135
454
464
184
469
108
49
172
193
492
310
59
460
336
29
163
33
297
269
269
283
423
255
326
327
230
288
131
423
138
247
194
357
8
220
289
36
214
142
81
159
380
378
479
197
479
432
277
409
349
271
176
152
274
8
253
126
312
363
58
466
179
237
356
441
360
209
31
45
480
462
270
44
15
121
216
7
165
123
494
270
390
323
9
338
290
128
171
152
180
373
299
362
365
248
394
171
175
281
94
435
358
55
374
408
155
314
48
77
444
167
193
394
393
248
390
353
19
155
241
264
68
138
16
197
102
141
84
496
232
249
271
189
485
102
174
227
264
233
493
61
323
323
38
136
217
261
208
78
424
137
439
150
323
334
76
419
45
43
18
271
398
37
228
369
27
298
23
323
101
163
354
356
43
164
432
195
300
226
364
482
281
120
183
314
330
299
189
38
456
463
289
476
83
402
106
150
117
357
89
66
387
64
435
415
421
330
220
464
84
141
259
159
494
306
154
457
326
331
137
479
60
6
406
125
251
333
402
15
482
3
158
337
251
467
187
314
137
91
364
438
353
341
313
335
9
380
64
217
309
48
287
197
427
336
388
129
477
345
455
102
340
267
398
482
285
241
165
395
495
30
401
473
385
169
394
404
52
485
25
410
286
52
51
494
21
168
102
363
489
35
343
228
347
343
424
478
433
366
184
157
479
66
332
32
68
367
429
334
77
180
77
481
494
432
166
404
116
378
102
458
164
497
247
344
310
277
213
483
100
233
78
121
235
450
117
499
330
13
311
482
219
264
491
322
88
411
469
359
145
30
341
362
465
455
248
281
72
445
265
270
68
454
30
103
30
22
186
285
486
372
463
133
135
344
429
224
93
249
119
470
401
79
69
166
41
23
313
416
337
426
93
139
128
163
466
443
28
262
367
367
186
170
138
260
259
173
456
448
105
145
240
387
91
323
329
276
255
359
322
32
499
132
270
12
181
172
251
437
257
14
438
496
141
85
448
398
100
492
382
116
308
214
231
470
167
177
250
365
330
176
368
21
297
479
330
263
194
450
432
229
38
499
51
155
11
39
281
380
192
417
390
292
435
108
389
406
322
454
142
80
472
126
393
337
191
46
62
396
16
85
262
6
332
360
365
369
145
234
212
381
80
296
80
402
200
310
136
360
458
101
411
487
153
108
354
479
224
492
91
335
31
92
158
401
336
71
463
378
134
401
357
498
7
309
252
297
29
61
463
5
273
405
242
39
288
22
310
153
179
461
431
206
345
260
122
286
133
462
446
447
401
277
185
400
173
227
495
293
470
65
99
33
259
313
75
476
376
96
404
260
272
312
178
82
81
105
178
326
139
168
141
395
396
431
133
205
375
1000
418
157
218
189
494
82
269
264
169
423
411
30
388
411
59
267
254
203
133
187
38
231
120
412
457
377
132
313
431
133
476
489
346
378
422
444
377
227
82
74
60
395
404
86
98
16
452
497
235
99
414
192
495
347
138
419
133
400
161
218
158
311
147
67
176
45
261
134
491
285
424
363
425
147
4
410
443
111
144
360
234
103
73
395
145
400
336
393
328
294
181
346
455
28
469
259
41
107
121
71
315
228
54
83
141
276
186
483
427
189
373
464
41
190
153
138
185
4
4
497
449
297
376
90
442
377
321
298
466
442
278
364
15
318
384
367
483
384
167
247
394
416
68
207
43
63
159
293
211
454
169
167
450
472
88
481
198
197
186
240
196
71
114
387
363
77
348
470
171
445
155
52
114
8
408
271
428
148
438
389
43
37
241
355
146
52
197
401
330
27
355
363
206
148
320
34
32
287
241
386
459
332
242
344
235
298
372
164
162
14
290
102
169
82
79
158
73
264
341
283
345
38
3
455
156
187
95
213
16
342
423
234
345
51
334
318
178
61
478
262
276
446
469
313
59
355
28
380
374
146
122
118
381
292
290
153
98
110
278
246
426
52
465
227
207
440
274
210
323
455
387
430
396
458
40
453
94
399
250
417
90
259
74
257
424
399
176
295
264
37
379
38
145
380
475
348
236
346
393
456
301
344
288
119
257
458
373
323
160
71
245
31
254
229
308
140
94
352
120
440
270
285
315
420
397
165
120
225
316
424
306
89
488
131
435
309
23
457
166
229
272
198
108
254
278
495
426
80
322
250
322
442
207
128
166
144
293
482
163
297
273
44
434
180
185
120
108
264
188
307
474
482
206
344
4
40
457
155
80
226
445
7
290
193
499
284
402
81
338
414
210
279
147
362
403
33
198
400
291
66
384
288
135
454
464
184
469
108
49
172
193
492
310
59
460
336
29
163
33
297
269
269
283
423
255
326
327
230
288
131
423
138
247
194
357
8
220
289
36
214
142
81
159
380
378
479
197
479
432
277
409
349
271
176
152
274
8
253
126
312
363
58
466
179
237
356
441
360
209
31
45
480
462
270
44
15
121
216
7
165
123
494
270
390
323
9
338
290
128
171
152
180
373
299
362
365
248
394
171
175
281
94
435
358
55
374
408
155
314
48
77
444
167
193
394
393
248
390
353
19
155
241
264
68
138
16
197
102
141
84
496
232
249
271
189
485
102
174
227
264
233
493
61
323
323
38
136
217
261
208
78
424
137
439
150
323
334
76
419
45
43
18
271
398
37
228
369
27
298
23
323
101
163
354
356
43
164
432
195
300
226
364
482
281
120
183
314
330
299
189
38
456
463
289
476
83
402
106
150
117
357
89
66
387
64
435
415
421
330
220
464
84
141
259
159
494
306
154
457
326
331
137
479
60
6
406
125
251
333
402
15
482
3
158
337
251
467
187
314
137
91
364
438
353
341
313
335
9
380
64
217
309
48
287
197
427
336
388
129
477
345
455
102
340
267
398
482
285
241
165
395
495
30
401
473
385
169
394
404
52
485
25
410
286
52
51
494
21
168
102
363
489
35
343
228
347
343
424
478
433
366
184
157
479
66
332
32
68
367
429
334
77
180
77
481
494
432
166
404
116
378
102
458
164
497
247
344
310
277
213
483
100
233
78
121
235
450
117
499
330
13
311
482
219
264
491
322
88
411
469
359
145
30
341
362
465
455
248
281
72
445
265
270
68
454
30
103
30
22
186
285
486
372
463
133
135
344
429
224
93
249
119
470
401
79
69
166
41
23
313
416
337
426
93
139
128
163
466
443
28
262
367
367
186
170
138
260
259
173
456
448
105
145
240
387
91
323
329
276
255
359
322
32
499
132
270
12
181
172
251
437
257
14
438
496
141
85
448
398
100
492
382
116
308
214
231
470
167
177
250
365
330
176
368
21
297
479
330
263
194
450
432
229
38
499
51
155
11
39
281
380
192
417
390
292
435
108
389
406
322
454
142
80
472
126
393
337
191
46
62
396
16
85
262
6
332
360
365
369
145
234
212
381
80
296
80
402
200
310
136
360
458
101
411
487
153
108
354
479
224
492
91
335
31
92
158
401
336
71
463
378
134
401
357
498
7
309
252
297
29
61
463
5
273
405
242
39
288
22
310
153
179
461
431
206
345
260
122
286
133
462
446
447
401
277
185
400
173
227
495
293
470
65
99
33
259
313
75
476
376
96
404
260
272
312
178
82
81
105
178
326
139
168
141
395
396
431
133
205
375
1000
418
157
218
189
494
82
269
264
169
423
411
30
388
411
59
267
254
203
133
187
38
231
120
412
457
377
132
313
431
133
476
489
346
378
422
444
377
227
82
74
60
395
404
86
98
16
452
497
235
99
414
192
495
347
138
419
133
400
161
218
158
311
147
67
176
45
261
134
491
285
424
363
425
147
4
410
443
111
144
360
234
103
73
395
145
400
336
393
328
294
181
346
455
28
469
259
41
107
121
71
315
228
54
83
141
276
186
483
427
189
373
464
41
190
153
138
185
4
4
497
449
297
376
90
442
377
321
298
466
442
278
364
15
318
384
367
483
384
167
247
394
416
68
207
43
63
159
293
211
454
169
167
450
472
88
481
198
197
186
240
196
71
114
387
363
77
348
470
171
445
155
52
114
8
408
271
428
148
438
389
43
37
241
355
146
52
197
401
330
27
355
363
206
148
320
34
32
287
241
386
459
332
242
344
235
298
372
164
162
14
290
102
169
82
79
158
73
264
341
283
345
38
3
455
156
187
95
213
16
342
423
234
345
51
334
318
178
61
478
262
276
446
469
313
59
355
28
380
374
146
122
118
381
292
290
153
98
110
278
246
426
52
465
227
207
440
274
210
323
455
387
430
396
458
40
453
94
399
250
417
90
259
74
257
424
399
176
295
264
37
379
38
145
380
475
348
236
346
393
456
301
344
288
119
257
458
373
323
160
71
245
31
254
229
308
140
94
352
120
440
270
285
315
420
397
165
120
225
316
424
306
89
488
131
435
309
23
457
166
229
272
198
108
254
278
495
426
80
322
250
322
442
207
128
166
144
293
482
163
297
273
44
434
180
185
120
108
264
188
307
474
482
206
344
4
40
457
155
80
226
445
7
290
193
499
284
402
81
338
414
210
279
147
362
403
33
198
400
291
66
384
288
135
454
464
184
469
108
49
172
193
492
310
59
460
336
29
163
33
297
269
269
283
423
255
326
327
230
288
131
423
138
247
194
357
8
220
289
36
214
142
81
159
380
378
479
197
479
432
277
409
349
271
176
152
274
8
253
126
312
363
58
466
179
237
356
441
360
209
31
45
480
462
270
44
15
121
216
7
165
123
494
270
390
323
9
338
290
128
171
152
180
373
299
362
365
248
394
171
175
281
94
435
358
55
374
408
155
314
48
77
444
167
193
394
393
248
390
353
19
155
241
264
68
138
16
197
102
141
84
496
232
249
271
189
485
102
174
227
264
233
493
61
323
323
38
136
217
261
208
78
424
137
439
150
323
334
76
419
45
43
18
271
398
37
228
369
27
298
23
323
101
163
354
356
43
164
432
195
300
226
364
482
281
120
183
314
330
299
189
38
456
463
289
476
83
402
106
150
117
357
89
66
387
64
435
415
421
330
220
464
84
141
259
159
494
306
154
457
326
331
137
479
60
6
406
125
251
333
402
15
482
3
158
337
251
467
187
314
137
91
364
438
353
341
313
335
9
380
64
217
309
48
287
197
427
336
388
129
477
345
455
102
340
267
398
482
285
241
165
395
495
30
401
473
385
169
394
404
52
485
25
410
286
52
51
494
21
168
102
363
489
35
343
228
347
343
424
478
433
366
184
157
479
66
332
32
68
367
429
334
77
180
77
481
494
432
166
404
116
378
102
458
164
497
247
344
310
277
213
483
100
233
78
121
235
450
117
499
330
13
311
482
219
264
491
322
88
411
469
359
145
30
341
362
465
455
248
281
72
445
265
270
68
454
30
103
30
22
186
285
486
372
463
133
135
344
429
224
93
249
119
470
401
79
69
166
41
23
313
416
337
426
93
139
128
163
466
443
28
262
367
367
186
170
138
260
259
173
456
448
105
145
240
387
91
323
329
276
255
359
322
32
499
132
270
12
181
172
251
437
257
14
438
496
141
85
448
398
100
492
382
116
308
214
231
470
167
177
250
365
330
176
368
21
297
479
330
263
194
450
432
229
38
499
51
155
11
39
281
380
192
417
390
292
435
108
389
406
322
454
142
80
472
126
393
337
191
46
62
396
16
85
262
6
332
360
365
369
145
234
212
381
80
296
80
402
200
310
136
360
458
101
411
487
153
108
354
479
224
492
91
335
31
92
158
401
336
71
463
378
134
401
357
498
7
309
252
297
29
61
463
5
273
405
242
39
288
22
310
153
179
461
431
206
345
260
122
286
133
462
446
447
401
277
185
400
173
227
495
293
470
65
99
33
259
313
75
476
376
96
404
260
272
312
178
82
81
105
178
326
139
168
141
395
396
431
133
205
375
1000
418
157
218
189
494
82
269
264
169
423
411
30
388
411
59
267
254
203
133
187
38
231
120
412
457
377
132
313
431
133
476
489
346
378
422
444
377
227
82
74
60
395
404
86
98
16
452
497
235
99
414
192
495
347
138
419
133
400
161
218
158
311
147
67
176
45
261
134
491
285
424
363
425
147
4
410
443
111
144
360
234
103
73
395
145
400
336
393
328
294
181
346
455
28
469
259
41
107
121
71
315
228
54
83
141
276
186
483
427
189
373
464
41
190
153
138
185
4
4
497
449
297
376
90
442
377
321
298
466
442
278
364
15
318
384
367
483
384
167
247
394
416
68
207
43
63
159
293
211
454
169
167
450
472
88
481
198
197
186
240
196
71
114
387
363
77
348
470
171
445
155
52
114
8
408
271
428
148
438
389
43
37
241
355
146
52
197
401
330
27
355
363
206
148
320
34
32
287
241
386
459
332
242
344
235
298
372
164
162
14
290
102
169
82
79
158
73
264
341
283
345
38
3
455
156
187
95
213
16
342
423
234
345
51
334
318
178
61
478
262
276
446
469
313
59
355
28
380
374
146
122
118
381
292
290
153
98
110
278
246
426
52
465
227
207
440
274
210
323
455
387
430
396
458
40
453
94
399
250
417
90
259
74
257
424
399
176
295
264
37
379
38
145
380
475
348
236
346
393
456
301
344
288
119
257
458
373
323
160
71
245
31
254
229
308
140
94
352
120
440
270
285
315
420
397
165
120
225
316
424
306
89
488
131
435
309
23
457
166
229
272
198
108
254
278
495
426
80
322
250
322
442
207
128
166
144
293
482
163
297
273
44
434
180
185
120
108
264
188
307
474
482
206
344
4
40
457
155
80
226
445
7
290
193
499
284
402
81
338
414
210
279
147
362
403
33
198
400
291
66
384
288
135
454
464
184
469
108
49
172
193
492
310
59
460
336
29
163
33
297
269
269
283
423
255
326
327
230
288
131
423
138
247
194
357
8
220
289
36
214
142
81
159
380
378
479
197
479
432
277
409
349
271
176
152
274
8
253
126
312
363
58
466
179
237
356
441
360
209
31
45
480
462
270
44
15
121
216
7
165
123
494
270
390
323
9
338
290
128
171
152
180
373
299
362
365
248
394
171
175
281
94
435
358
55
374
408
155
314
48
77
444
167
193
394
393
248
390
353
19
155
241
264
68
138
16
197
102
141
84
496
232
249
271
189
485
102
174
227
264
233
493
61
323
323
38
136
217
261
208
78
424
137
439
150
323
334
76
419
45
43
18
271
398
37
228
369
27
298
23
323
101
163
354
356
43
164
432
195
300
226
364
482
281
120
183
314
330
299
189
38
456
463
289
476
83
402
106
150
117
357
89
66
387
64
435
415
421
330
220
464
84
141
259
159
494
306
154
457
326
331
137
479
60
6
406
125
251
333
402
15
482
3
158
337
251
467
187
314
137
91
364
438
353
341
313
335
9
380
64
217
309
48
287
197
427
336
388
129
477
345
455
102
340
267
398
482
285
241
165
395
495
30
401
473
385
169
394
404
52
485
25
410
286
52
51
494
21
168
102
363
489
35
343
228
347
343
424
478
433
366
184
157
479
66
332
32
68
367
429
334
77
180
77
481
494
432
166
404
116
378
102
458
164
497
247
344
310
277
213
483
100
233
78
121
235
450
117
499
330
13
311
482
219
264
491
322
88
411
469
359
145
30
341
362
465
455
248
281
72
445
265
270
68
454
30
103
30
22
186
285
486
372
463
133
135
344
429
224
93
249
119
470
401
79
69
166
41
23
313
416
337
426
93
139
128
163
466
443
28
262
367
367
186
170
138
260
259
173
456
448
105
145
240
387
91
323
329
276
255
359
322
32
499
132
270
12
181
172
251
437
257
14
438
496
141
85
448
398
100
492
382
116
308
214
231
470
167
177
250
365
330
176
368
21
297
479
330
263
194
450
432
229
38
499
51
155
11
39
281
380
192
417
390
292
435
108
389
406
322
454
142
80
472
126
393
337
191
46
62
396
16
85
262
6
332
360
365
369
145
234
212
381
80
296
80
402
200
310
136
360
458
101
411
487
153
108
354
479
224
492
91
335
31
92
158
401
336
71
463
378
134
401
357
498
7
309
252
297
29
61
463
5
273
405
242
39
288
22
310
153
179
461
431
206
345
260
122
286
133
462
446
447
401
277
185
400
173
227
495
293
470
65
99
33
259
313
75
476
376
96
404
260
272
312
178
82
81
105
178
326
139
168
141
395
396
